content,date,id,rating,votes
汤老师猛艹荷兰弟指日可待,2021-10-01,谋谋谋,3,1649
毒液能拍两部我们买票的都有责任,2021-10-01,Ángel,2,2007
"主角内讧，强行鸡汤，反派愚蠢，决战降智，警察不行，打斗无聊，画面一般，全在预告，浪费生命，建议不看。
片尾歌不错。",2021-10-01,Avalon,3,831
Venom和Eddie的婚后生活：吵架、拆家、养鸡、生娃、通过前女友做婚姻咨询、揍儿子、揍儿媳、欢乐度假，日子过得很红火的样子。想看Dan、Anne、Venom、Eddie的四人约会戏码。彩蛋不容错过，为了未来的可能加一星。,2021-10-01,耐寒熊,3,726
电影院观众对正片没啥反应，看到彩蛋都在欢呼喝彩。,2021-10-12,查克同志,3,228
嘴炮让你快乐 彩蛋让你上天,2021-10-02,本名阳刚之气,4,676
100%漫威出品爆米花，管他是Sony还是marvel studio反正拍出来的感觉也大差不离。剧情依旧是bug一大堆，喜欢哈里森演的疯批亡命恋人，跟屠杀结合后简直欲到流鼻血，劫狱一段的亲吻戏是目前本年度最佳kiss，虐杀仇人后教堂的黑纱婚礼太变态太酷了，甚至有点不舍得他们死。毒液Eddie这对发挥平稳，明显是婚后小夫妻的小打小闹，吃醋出走还醉宿夜店，毒液要不要这么小娇妻。彩蛋沙滩蜜月互诉衷肠，就差接吻之后送入洞房，结果下一秒就是亲亲我我躺床上，满屏幕的粉色夕阳，荷尔蒙都要溢出来了。总结，这是部爱情片，爆米花爱情片里找意义？what's wrong with u？,2021-10-19,含糖渡鹤影,4,482
一个IP，一堆拼凑起来的斗嘴画面就能组成一部电影，真的是离大谱，要看斗嘴的话，相声不是比这更精彩？,2021-10-03,Norah.C,1,254
前女友和她的现任帮我和我的现任复婚的故事,2021-11-07,喜悦之地,3,149
救救孩子，圈养后的毒液只吃豆大的鸡脑子都傻成啥样了？就全程逗比。。。也许这就是恋爱中智商为负吧（误,2021-10-02,滴溜滴溜转,2,504
中规中矩，讨论区比影片精彩。,2021-11-26,DioretsaZ,3,0
除了反派couple前半段比较有性张力外…整部片简直就是又烂又吵，看得我直翻白眼。一群白人们结束了在那鼓掌+看到小蜘蛛发出欢呼，我：呃…………这简直要烂片大集合了,2021-10-01,原味乱码圣母,2,412
想看→看过历时1080天，一千多天的期待，等来极致的无语。。。,2021-11-18,刷鞋大王,3,9
如果还要拍第三集，那只有四个字概括——世界疯了。,2021-10-03,L U K E,1,146
已经很久没有在电影院看过这么让人心如止水的爆米花电影了。甚至不是烂……就是平平无奇，哎真是平庸最为致命。而且按照这一部的逻辑，同样套路的故事可以编成百集泡面番，每集打一个不同的变种儿子。中间穿插的动画段落还挺不错，可惜铺垫半天，最后“就这？”,2021-10-02,伊瓦,2,298
"不会真有人觉得好看吧？简直花木兰水平，说它是个电影都昧良心
。",2021-10-03,无敌大坏蛋,1,49
能看到册也算是这三年没白等，双厨狂喜哈哈哈哈哈哈哈 汤甜依旧又懵又可爱,2021-11-07,吃菜不吃呱,3,19
没上一部那么蠢了，但还是很蠢,2021-10-01,Typo,2,236
毒液日渐转为小可爱 和eddie小情侣撒泼吃醋顺便打坏人嘤嘤嘤 笑死 woody Harrelson天生杀人狂回归 有几场戏挺暗黑的 娱乐性够了 是近期比较喜欢的marvel了,2021-10-10,巧比,3,31
5.9不能再多了 除了越来越活泼的毒液和意料之中的屠杀对决 仅仅90分钟的体量都乏善可陈 光靠最后的联动彩蛋来提神真的不够,2021-11-24,超人叔叔,3,3
V2依旧是爽片的代表，毒液字正腔圆的晚上好陈太，自从导演官方玩出柜梗后各种毒埃cp同人作品再次爆发，传下去**是0。伍迪哈里森贡献了令人印象深刻的暴虐压迫感。90分钟标准恐怖片时长是有些意犹未尽，但是未来充满无限可能彩蛋爆炸！就等莱托的莫比亚斯了，索尼终究是抱上漫威大腿了，毕竟清楚自己能力和限制玩不转。主题曲好听,2021-10-01,Lexlo,5,889
看到Venom2上映，随口问老豆去不去看，老豆饶有兴致的问我这是讲什么的，我balabala说了一通Venom是个什么东西怎么怎么的，老豆一脸懵逼的看着我，意思大概是what are you 说啥勒，最后居然还跟我一起去看了，我还担心他看不懂，毕竟这老头英语就会那么几句，没想到他光看着画面都乐呵得不行,2021-10-23,烟雨江南恨,4,413
感覺比上一部流暢有趣很多，有幾個笑位的確幾好笑😂 「老竇打仔天公地道」 雖然後面爬塔尖實在讓我有king kong的deja vu,2021-10-13,skybluepink,4,396
15/100，非常纯粹，纯粹的垃圾。说再多俏皮话都无法掩饰“屠杀”可有可无的实质，匆忙赶场般的剪辑就像在说所做的一切都是为了尽快结束正片好迎来那个彩蛋，本片到底还有什么必要存在？,2021-11-07,德卡的羊,1,31
"30.09.2021 | @ Regal Majestic | aka ""Let there be garbage"". 五岁小孩写出来的剧本吗烂到好笑了。MCU又迎来烂片一部～",2021-10-01,庸爻儿,2,132
好久没有看过这么无聊的电影了。好像拍了点什么，但又好像什么都没说。想学《死侍》拍得话痨一点，但其实聒噪得让人头疼，而且一点笑料都没有。除了无聊还是无聊。｜2.0,2021-11-09,野凡,1,15
【5.3】居然能比1还难看我是没想到的。整部片下来就是一个大写的聒噪和凌乱，动作场面的调度和剪辑还有各种艾迪和毒液的互动桥段全部都乱成一团浆糊，剧本也像是三岁小孩写的一样…全程就靠伍迪哈里森和娜奥米哈里斯演的俩反派的气场和压迫感撑着，其他方面全都是灾难。,2021-10-02,印子,2,77
"没想到曾经拍出老版《蜘蛛侠》三部曲的索尼，竟然沦落到完全无视剧本，完全靠搞笑、卖萌、卖腐制造噱头的地步。
最令人发指的是，片尾彩蛋才是正片，信息量全都集中在片尾彩蛋上，正片反而成了片尾彩蛋的加长预告片。
MCU虽然也以片尾彩蛋为卖点，但也会保证正片的质量，不至于像两部《毒液》那样本末倒置。
《毒液1》只不过是《毒液2》的加长预告片，《毒液2》也只不过是《毒液3》的加长预告片，照你这么拍，再拍10部都进入不了正题。
如果索尼当初没有和漫威影业合作，而是坚持把《超凡蜘蛛侠3、4》《险恶六人组》拍出来，现在蜘蛛侠电影宇宙早就成型了。
可惜世界上没有如果，事实就是索尼放弃了辛辛苦苦打的地基，导致现在的蜘蛛侠电影宇宙（《毒液1、2》《莫比亚斯》）就是个垃圾。",2021-11-15,朝暮雪,2,41
2021.10.15 Cineworld Cardiff/ Eddie和Venom整个就是处于热恋中啊 开播前30min广告时间看豆瓣只有6+还以为会很失望 但今天精神头好 基本笑点都get到了 和朋友们笑得贼开心 喜欢Venom这个批话贼多的梗王哈哈哈哈 Ann和Dan也贼讨喜 整整齐齐一家人 就是毒液怎么每次打反派都被狂虐啊 感觉谁都比他强 最后教堂打架 他儿子在彩绘玻璃那幕帅飞了 强烈要求加强小毒！！,2021-10-15,-COCO,4,378
这不是一部闲的没事也要搞事的反超英片，这尼玛根本就是赤裸裸秀恩爱全程虐狗的人x外星共生体言情片！好家伙，蜘蛛侠彩蛋出来之前埃迪在宾馆躺着，空气里都粉红泡泡，我差点以为毒液就要演绎漫画里给埃迪生小毒液的场景了😂干掉雌雄双煞后埃迪憋屈道歉带毒液来海滩晒太阳，这特么不是小夫妻约会是什么！？出柜派对太敢拍了！换个腐国导演就是不一样，谁能想到动不动就要吃人脑子的毒液对埃迪的爱那么痴情那么直白，被埃迪骂得伤心了就气得离家出走买醉，反而埃迪才是那个没心没肺揣着明白装糊涂的直男癌哈哈哈。开篇毒液阻止埃迪雨中自杀那一幕有点泪目，虽然整天骂他loser，但毒液分明真的爱上了埃迪。俩人坐沙滩上你侬我侬的，埃迪还一脸坏笑故意问毒液刚才是不是不小心说了爱他，毒液一脸羞涩默认赶紧转移话题那一刻真真是磕死全场腐女了！！,2021-10-01,AK47M16G36,5,577
这剧本可写了一个下午吧。,2021-11-08,猫奴十二年,1,22
零分。非电影。说是为最后和蜘蛛侠的联动彩蛋而拍的这片我都信… btw: 单就视效的精细程度也远不如第一部,2021-11-01,红酒与谋杀,1,8
更加卡通，也更加保守，一种爱情观打赢另一种爱情观，或者说《天生杀人狂》式的“浪漫”和叛逆就此成为了过去，看似危险狂暴的主角实则背负着相当正确的情感理念，曾经的美国电影中的“坏孩子”们，正在被“扭转”为仅剩表面故作姿态的“三好学生”，话说回来，这部短小的电影究竟又有多少认真，也许只有那个预料之中的彩蛋，更进一步，可能仅是为了这段彩蛋而制作了整部电影。,2021-10-03,文森特九六,2,43
无法安心睡觉的烂片,2021-10-03,昆汀片场清洁工,2,41
抓一只动物园里的猩猩来当导演，拍的都不会比这差。,2021-11-25,亵渎电影,1,6
毒液2这种片子吧，不反应现实生活也没什么深刻内涵，纯粹就是创作出来给大家消遣图一乐的片子，所以看这种片子我一般不会有什么压力，不会有看其他文艺片故事片那种生怕理解不了导演编剧意图的忐忑，所以一边看着拆屋子拆监狱拆城市，心里喊着666就完事了~~,2021-10-23,笑望人非,4,296
5/10 一对基佬吵架和爹杀了儿子的故事,2021-11-07,电锯觉罗炫,1,18
别说cinema，这捏吗连movie都算不了了。（要不是不花钱我才😅）,2021-10-24,曌影,1,13
這簡直就是輕快愛情喜劇！最後竟然還發展成了亡命天涯雙雄模式which is 我永遠看不膩的老梗。湯姆哈迪好辣好辣🤤客串的二冊好俊美啊！,2021-10-14,塔图因种树露西,4,308
依旧短小精悍，虽然已经忘记第一部的内容了。但艾迪和毒液已经像在一起多年的情侣，平时毒液照顾艾迪无微不至，但突然的吵架，让毒液砸了家夺门而出，赌气不回去还要艾迪道歉，然后和解最后一起去海边度蜜月……反派太直白了，简单的恨简单的爱最后简单的死掉，好歹打斗还算有点意思，下班后看最晚场还是挺有意思的 ps整体氛围还是恐怖的镜头也重口味,2021-10-19,有记忆的鱼,4,301
他说他爱他呜呜，我不管我就是偏爱毒埃，嗑拉我了，90分钟不够我嗑呜呜呜，下次能不能拍个只有毒埃没有反派的rom-com🥺毒液大可爱，出柜派对上的毒液可爱又有点可怜，最后摇摇晃晃撞在墙上说希望他能看到的时候真的怜爱了🥺毒埃继续小情侣打架，嗯嗯打架嗯嗯，顺便秀恩爱罢了🤤最后海滩日落汤老师和毒液，好美呜呜（一些非本人发言：毒液要把eddie弄哭的时候我真有想到一些其他事情哈哈哈哈哈）官方发糖最为致命了就是，下次再多点！,2021-10-13,Replica🍥,5,481
来自大局观的四星，再怎么样不至于不及格，打戏制作还是很爆米花爽片的，更何况有wuli人间至宝汤甜甜，有被“毒有毒法，家有家规”的cp婚后日常甜到。,2021-10-17,缺觉,4,250
功夫里的狮吼功加大喇叭功力可翻倍，毒液2里的狮吼功却被大喇叭压死了。毒液的嘴也太碎了，可能是小鸡脑壳吃多了,2021-11-23,千寻亿选,3,4
汤哈迪+筋肉触手=辣上加辣！这个超辣套餐真是狠狠戳中本淑女一些点，我的理智飞走只想被他按在地上摩擦🥰作为漫画cp粉，总是对小两口的感情戏有更多期待，希望下一部再多些争风吃醋吵架和好互诉衷肠的恋爱日常。沙滩落日我爱你，不接个吻合适吗😿（ps：居然还有二册客串）,2021-10-14,工具青年,5,426
比起毒液1 ，毒液2是个更爆米花的爆米花片，他的目标观众群体巨大，上到99下到刚学会牵手都是他的范围，所以影片的基调就会变成一部让大多数人看得懂，看得有意思的合家欢电影，一方面片方把大家都喜欢看的元素都杂糅到了影片里，另一方面又在尽最大的努力扫清大家看影片的障碍，首先，剧情简单直白到连小学生都能复述，其次，正反派的人物标签非常明显和符号化，任何人在任何时候看到屏幕上的画面，都能一眼知道谁是好人谁是坏人，然后就是所有人喜闻乐见的幽默、动作还有大制作的特效，就像一个自助餐，每个人都能看到自己想看的内容，挺欢乐,2021-10-29,没名字,5,239
索尼+漫威，揉搓出来一坨屎，汤姆哈迪还参与编剧，wtf？,2021-11-24,张咏轩Wayne®,1,5
总体还可以，动作特效爽片，剧情不多说了，肯定是强的强死弱的弱毙，主角肯定是先被虐然后翻盘，反正全世界的这类片子基本一个套路，要追求合理合逻辑，起码90%电影拍不出来，动作科幻超英片更是一个也别想拍，毕竟商业片，我看得开心，你赚到钱，双赢,2021-10-23,小黑盒,4,309
和尚气连轴看 一个烂得平平无奇 一个烂得惊心动魄,2021-11-12,纯肉锅贴,2,41
真的是有点烂了，毫无趣味的嘴炮，刻意又扁平的人物，无聊的剧情，编剧写本子的时候不觉着尴尬么？片尾彩蛋也救不回来。,2021-11-06,女神的秋裤,2,22
不知道分为啥这么低，可能是我看的时候预期太低了？其实已经上映地区的优秀票房已经证明了这部电影的过硬品质。大荧幕能看到的绝对非常刺激，畅爽无比。汤老师本人贡献了非常优秀的表演，剧本超越前作可能确实比较困难，但是也已经很棒了,2021-10-18,孙暴雨,5,261
9/30/2021 稀 碎 太过于疯了…,2021-10-01,24/7,3,20
枯燥,2021-10-02,空语因明,2,27
2。这种摆烂程度令人匪夷所思的同时竟然有一丝好笑。建议剧组下次与其整一出如此无聊的最后一分钟营救，还不如思考一下如何让大家在磕cp的时候更欢乐一点。,2021-11-06,VS-Man,2,8
在柏林看的，好多人。德语的所以其实没有百分之百明白，不过九十明白。我觉得毒液好傲娇哦哈哈哈，然后那个红色分裂出来的叫他爸爸哈哈哈，好可爱怎么办，还有那个我觉得CP太多了，磕不动了快。,2021-10-27,囧啊你,4,264
【YVR-5th】三星半。片长90。短平快的带有动作戏份的甜甜的同性爱情喜剧,2021-10-01,Parker Li,4,39
剧情太垃圾了，反派扁平，反派的爱情莫名其妙。我看这部是要疯狂推毒液和艾迪的CP了——作为一个腐妹子，我也没料到我会这么嫌弃这对CP。放过女主和女主的新男友不好吗？,2021-10-29,诸葛福媛,1,5
毒液被屠杀胖揍啊，哈哈，再次相信毒液绝对不是因为被埃迪感化想留在地球做个好人的借口了，从第一部的暴乱到这一部的屠杀，充分说明了你不回自己星球的原因：I am loser啊啊哈哈哈哈，不过没关系，地球人民喜欢你，你就留在地球做超级英雄吧,2021-10-26,四叶草紫丁香,4,272
超英片要都这么拍，超英们的知名度就会越来越高，大家都爱看毒液这类型的片子，大部分并不会认真去研究漫威的体系，也不见得就感兴趣，但不妨碍他们通过这种简单的爽片喜欢上毒液，不管怎么说，我喜欢的人物角色如果被更多人喜欢，我就觉得这是个高兴的事情，因为这说明我的审美棒棒哒,2021-11-01,武先生,4,152
确实是绝美爱情故事的续集。毒液和埃迪之间，还有反派那对男女，都很好磕。教堂的打斗设计很有意境，也确实是做到了拆迁办的效果，另外毒液抓住安的那幕真的太像超凡蜘蛛侠里的格温那幕了，唉。此外我很好奇，为啥这部不能引进呢？领导们看出来了毒液和埃迪是一对？||哦，原来是汤老师那件事、,2021-11-14,牧三洵,3,5
毒液2这种片子明显是把要素都堆在了动作设计和特效上了，演员当然也很关键，演员的表演对节奏和气氛地烘托也有着至关重要的作用，在主演们精湛的演技下，埃迪，尖叫女，克莱图斯这三个人之间的冲突和交流非常快的把观众也带进了故事中，观众和角色之间的情绪保持着高度的同步；然而这种片子从一开始就是需要沉浸式体验的，所以听别人口头说怎么样都没有感觉，还是得自己去看一场才能享受到这类片子带来的快感。,2021-11-01,tola.cute,4,164
又名《红与黑》,2021-11-19,寒狐传媒,3,2
非常优秀的爆米花。太能get到毒液和艾迪了。导演很聪明的把电影时间压缩。少了无所谓的文戏，就单纯的卖卖腐。还有比前一集更加精彩的视听冲击，新反派自然功不可没。特别是屠杀的那一场秀。,2021-10-15,从海底捞出击,5,187
"第一集就失望了來到2就完全在看愛情喜劇嘛這程度再來一集可以湊個影集去報艾美獎了哈哈哈, 但說真的這票人我都喜歡所以也就不討厭了, 一樣是那句猛毒你不敢狠一點那跟沙贊有什麼分別, 導演變咕嚕了耶, 伍迪髮型也太失敗他自己都尬演吧, 一直謠傳湯姆哈迪要接金鋼狼或是龐德但怎麼可能啦他的氣場就是猛毒呀不要弄他, 我要來吃巧克力",2021-10-14,stanza,5,175
至少差半个小时，就像那种自己勾兑的劣质可乐，心里有数是个什么玩意儿但也忍不住假装被爽到。彩蛋有点儿东西，大胆预测毒液会参演《蜘蛛侠3》，如果没有，那到时候再删这条短评。,2021-11-23,发条橙,2,6
_也不看。,2021-11-07,NanSLi,1,2
因为不是迪士尼，而是索尼拍的，所以这片拍给13岁小孩看的燥片。但是看过漫威电影的观众，没那么好骗的。,2021-10-05,阿捷赫公主,2,15
超基的！ venom傲娇小可爱哈哈,2021-10-04,依然依然me,4,236
前作就非常不喜歡，把毒液那麼有魅力的反派角色改得一塌糊塗，而這一部更是雪上加霜般的幼稚與無聊，片長明明比前作要短，卻更覺得冗長，甚至連之前尚可一看的動作戲都不好看了。,2021-11-08,一條魚佔滿了河,1,5
节奏过快，剧情潦草。虽然九十分钟的时长值得鼓励，但是这么一马平川、毫无起伏的剧情设计，真的是一部顶级娱乐大片该有的样子吗？比如正反对决只打一架就赢，这也太偷懒了。九十年代的英雄电影都至少会安排两场对决吧。就连这仅有的一场动作戏，也设计得相当无聊。真的是为了彩蛋拍了一部电影。,2021-11-07,余小岛,2,9
Natural born killers 竟然混到了被咬掉头的地步。全片出了主要人物之外，几乎没别的演员，真是疫情时期作品。,2021-10-06,水货,2,17
大家好，我是毒液，我是一个来自外星的英雄，超勇的，特别能打的那种！——只要没遇到我的同类；我人狠话不多——起码我自己这么认为的，超忠心——只要没遇到我那个红色的仔，一般我都敢上，还是个美食家——埃迪超爱吃的，不吃我揍他丫的……看，我就是这么可可爱爱，朴实无华,2021-10-31,Huu,5,155
反英雄片，但是请不要如此情牵蜘蛛侠,2021-11-11,обломов,3,5
毒舌 三俗 还想要什么 这就是最简单的快乐 最纯粹的刺激！汤姆哈迪实在是太性感啦！,2021-10-16,Ricardo,5,61
最后的CG大战比较提神，但看着三个演技派演员努力地为空洞符号化的人物注入深度并化为乌有，多少有点可惜。只能说剧情人设更卡通且嘴炮无底线，看完也不知道演了什么，剧情体量小到不值一提，更该是第一部后面花一点时间讲完的故事，而不是一部堂而皇之的完整续作该有容量，看完彩蛋，多少让人觉得，是为了蜘蛛侠的这点醋又包了盘饺子。,2021-11-09,tangerine,2,4
剧情真的是太蠢了,2021-10-06,XavierLiu,2,13
太糟糕了，怎么做到剧情毫无新意的，通篇就只听到毒液在哔哔！下一部直接让华人超市阿姨当主角吧拜托~,2021-11-25,同志亦凡人中文站,1,3
主要是第一部就特别不喜欢预期拉得暴低，这一部冲伍迪哈里森的邪魅表演倒没觉得那么难看，反正就依然是预算有限不思进取继续挥霍设定的平庸续作呗，找了两个相互克制的反派也是挺迷的，结局也比较坑爹。。至于彩蛋，我只想说不要辜负大家的期待吧。,2021-11-12,Dr.Ray,2,3
喜欢的音乐人客串很惊喜，几个彩蛋有点惊喜，其他的真的连 dumb fun 都算不上。而且现在的汤老师颜值下降许多。don't bother,2021-10-21,Jin,2,4
这种片子还是得客观来看待，毒液这类片子的制作初衷应该跟漫威其他超英系列别无二致，本质上还是想拍成娱乐化的片子，供大家消遣放松，并且要迎合大部分的口味，所以才能票房大卖，因此就不能以太苛刻的要求来评价，毒液2剧情简单，跟上一部有联系，又相对独立，认字的都能看得懂，对只看了2没有看到1的人来说，不会有看番剧从中间看起，不知道前情，给人一头雾水的感觉。演员呢，知名度、颜值、演技都有，风格呢，幽默风趣，有刺激的场面又不会引起不适，特效的话，放眼全球也是一流水平。娱乐片该具备的特质都有，还是高配，看着乐了，笑了，还能茶余饭后谈一谈里面的动作和情节，这片子也就成功了,2021-11-04,希望,4,100
彩蛋值得一颗星，说不定真就蜘蛛侠3奇异博士把毒液传过去了,2021-11-19,樂啊樂,1,1
特别想给电影院提个建议：电影院里严禁养鹅。我就看个电影，怎么前后左右全是奇奇怪怪的鹅鹅鹅鹅鹅鹅鹅鹅鹅鹅鹅鹅鹅鹅的声音呢？说回电影本身，确实是太好笑了鹅鹅鹅鹅鹅鹅鹅,2021-10-31,安心,4,142
"“beg me”“I love you ”好了，这就是一部venom和eddie用爱战胜毒液的亲儿子的家庭伦理剧。教堂那里“I want to kill you, father(父亲), not you, father(神父)”快笑死我了。venom究竟是什么高级外星人，又有战斗力又有爱会给心情不好的你做早餐还能生产后代，除了爱砸家具和爱吃人头以外算是优秀男朋友了。XD",2021-10-24,abby,4,93
对任何一部片子的续集来说，前作已经打下了非常固定的印象，要加角色是需要冒一定风险的，不但要找到好演员，新加入的角色和角色带来的一些元素也要让观众看得认为衔接顺畅，出现的理所当然，也要有新奇的感觉，毒液2在保持原班人马的阵容上，新加入的尖叫，卡内奇，卡萨迪这三个角色从人物形象和演员的表现来说，非常精彩了,2021-11-05,豆豆,4,49
有些电影是为了影史留名，有些电影是为了放松快乐。毒液2会不会影史留名不好说，但绝对会让你放松快乐。,2021-10-16,球场终结者行云,4,20
剧情就是胡说八道，我觉得徐克没准儿会喜欢《毒液2》，因为他有越南红毛丹触手系情结…,2021-11-18,大奇特(Grinch),1,0
脑子里只有看过的无数漫威同人小h漫。//电影是真差劲。,2021-10-04,本初老儿,2,9
这么帅的汤老师，给五星都少了！ 与毒液的bromance看着不过瘾吗？！ 小两口子拌嘴笑点很多！狂推！,2021-10-19,MarlowMarlow,5,36
不是太喜欢。感觉是为了写论文而写论文，写论文不是为了说清楚一件事或一个道理，而是为了交作业或赚钱。🤷‍♂️,2021-10-03,秦人,2,12
对这种类型的电影真的毫无抗拒，好看就完事啦！特效和节奏都没话说！,2021-10-18,快乐小张,5,17
如果你喜欢毒液1，你会爱死毒液2,2021-10-17,桑下,4,13
"个人评分5.0/10（看滴抢版）
确实很差。尽管早已对资本流水线的大片拉低期待值，但观感和剧本上的差劲还是全面锁死了上限。而第三幕那个加长但不加质量的打戏则是再次强调着流水线大片的通病，（我还期待着能有GVK的高水准调度打戏呢）安迪终究还是对本片以敷衍了事的态度去摆烂了。
PS：至于我为什么打的五星，立的flag总得兑现承诺吧。
“flag已定，如果毒液能直接“穿越”到漫威主宇宙我绝对给五星。”结果还真滴穿越了哈哈哈哈哈……",2021-10-17,杰洛\［•］/,5,4
汤老师的喜剧独角戏。编剧写得出五十度灰，毒液被写成这样不足为奇。屠杀与毒液的对比，在悲催人生使之堕落为怪物与身为怪物却想做英雄的设计中展开。警探一视同仁指责其为怪物，矛盾看似要走黑暗骑士的模版。但剧本把主要篇幅分给了毒埃的打情骂俏与分分合合，以及又叫唤了一部还是吃不上一口的毒液的小脾气（这次巧克力都没吃上），让本片比第一部更像情景喜剧。即使把二人从互不服气到互相理解视为编剧的计划，但这种自我审视与和解被完全表现为见面要打离开就想有了危险互相保护就自动和好的情感纠葛。编剧甚至没有完全安排好卡塞蒂疯于先天缺陷还是后天迫害，全靠哈里森完美演绎出对爱的求而不得与冷血癫狂，尖啸单纯疯得像个工具人。决战只是换个了颜色并无进步，Dan的介入甚如同机械降神。索尼、导演、编剧，在贪多嚼不烂中撞死南墙也不回头,2021-10-03,Guruthosriel,2,14
“爱情”电影,2021-11-10,第七大陸,2,2
杂碎又极其扁平的剧本，所有的一切几乎是不堪入目的愚蠢与烂俗，看完之后你会觉得八十分钟的正片完全是在为最后的彩蛋做铺垫，所以为了让毒液融入漫威主宇宙真的是有在费尽心思的敷衍。,2021-11-11,BOBO.,1,4
好家伙 漫威终于回来啦 还有毒液vs小蜘蛛 场面大戏不容错过,2021-10-14,鱼罐头,4,11
影片时间太短，节奏太快，感觉看了预告片加长版，变本加厉的话痨逗比外，没有新的东西体现，83分钟里多半是无趣的剧情，简单空洞乏力，很多情节都是俗套的；角色都在赶时间，从这一幕赶快跳跃到下一幕，感觉续集就是个半成品。毒液变得低智任性肉麻和好色，也终于和蜘蛛侠联系上了。,2021-11-11,秋色纯,2,2
这拍得跟玩儿似的，劈里啪啦热热闹闹就结束了。唯一惊喜可能就是结尾彩蛋了。,2021-10-13,zykmilan,2,6
睡着了（没字幕的锅,2021-10-01,2,2,28
差点睡着 发掘了舒适的躺椅电影院很开心 ,2021-10-10,沙力兔,2,2
猛男和鸡，越搞越基。,2021-11-24,握不住的灵魂,2,2
毒液比女朋友好哄多了,2021-11-12,WIKI魏,2,1
杂碎又极其扁平的剧本，所有的一切几乎是不堪入目的愚蠢与烂俗，看完之后你会觉得八十分钟的正片完全是在为最后的彩蛋做铺垫，所以为了让毒液融入漫威主宇宙真的是有在费尽心思的敷衍。,2021-11-11,BOBO.,1,4
确实是绝美爱情故事的续集。毒液和埃迪之间，还有反派那对男女，都很好磕。教堂的打斗设计很有意境，也确实是做到了拆迁办的效果，另外毒液抓住安的那幕真的太像超凡蜘蛛侠里的格温那幕了，唉。此外我很好奇，为啥这部不能引进呢？领导们看出来了毒液和埃迪是一对？||哦，原来是汤老师那件事、,2021-11-14,牧三洵,3,5
7分。彩蛋比正片好看，正片的剧情有点太蠢了，特别是结尾反派的死就更让人莫名其妙。,2021-11-08,Anyslus,4,1
又名《红与黑》,2021-11-19,寒狐传媒,3,2
看两个外形和能力都极为相似的东西打架并不有趣,2021-11-13,晚安好运,2,4
反英雄片，但是请不要如此情牵蜘蛛侠,2021-11-11,обломов,3,5
重温第一部，更期待性感汤老师的恋爱生活了，还想看到漫威宇宙更多联动。*插个眼先,2021-10-15,番瘸糖分超标,4,1
拍的是个啥啊。。,2021-11-25,Annihination,2,1
倘若漫威与索尼这场公开媾和能够被具象成色情片，也定是无聊透顶的全年龄向。,2021-11-25,托尼·王大拿,1,6
毒液2将尚气和黑寡妇都衬托得无比优秀 导演安迪瑟金斯老湿 你是猴子请来阴汤老湿的救兵吗 演咕噜金刚和人猿凯撒不香吗 非得拿喇叭当导筒 还是Sony给迪士尼漫威甩脸色撂挑子,2021-10-04,特写蒙汗药,1,17
看毒液和艾迪嘴炮也还算有点意思,2021-11-12,幸运+++,3,1
埃迪换个工作吧，这工作太危险了，不说别的，就凭毒液画画那水平，你给各设计机构出大图，绝对早就升职加薪赢取白富美，再次走上人生巅峰了,2021-11-02,路易行,4,17
最后他们还是在一起了❤️吵吵闹闹过一生,2021-11-14,江湖骗子,4,2
连难看都难看得如此平平无奇,2021-11-14,白胡椒哇,1,3
哈欠连天昏昏欲睡。编剧是在用脚写剧本吧，成片质量连当嗨爽爆米花都不够格。这ip算是造废了，找蜘蛛侠联动隐隐嗅到一丝不安的气息。,2021-11-11,张苑希,2,3
纯娱乐。看汤姆如何神经质表演。,2021-11-25,克拉許crash,3,0
简直p都没讲，毒液成了《泰迪熊》一样的吐槽，又学不到精髓，拍不了故事推进就扯家长里短，疯狂卖汤姆哈迪，他的表情我觉得可以当观众看这片子的感受。搞的屠杀像阿耶ss里面的莱托一样自负又脑瘫，这样的角色能在2021年写出来简直是奇迹。这片全球能4亿刀可见大家疫情被憋的什么东西都能吃。,2021-11-14,Sanders03,1,3
感觉导演在百忙之中抽时间拍出毒液2来敷衍我们，让我们看看漫威电影。剧情什么的几乎没有，大战也挺拉跨。预期拍得那么烂，倒还不如不拍。亮点也就是最后的彩蛋了。,2021-11-07,梦之安魂曲,2,2
又是正方战胜反方的庸俗戏码，唉，反方就不能战胜一次正方吗？,2021-10-17,张翔森,3,9
一个字，太可怕了！安迪·瑟金斯不会执导就算了，甜汤和小米居然也不会演了，而且这片子居然还是甜汤自己做编剧的？就特么离谱哈，这两份钱也太好赚了，看完预告片基本上等于看完全片了就。不是漫威亲儿子果然不会认真对待，相比而言的话，白天看的尚气无论从剧本丰富度还是视觉呈现上来看都已经能拿奥斯卡了。,2021-11-11,朝阳区妻夫木聪,1,5
主角跟毒液越来越不讨喜，设定这么牛，打起来却这么弱，那两弱点显得无比幼稚。看完了都不知道看了什么，只能蹭蜘蛛侠热度了。,2021-11-25,小炫,3,1
又一部塞不进MCU的超英电影(继《尚气》之后）。保留前部的烂水准，将无厘头进行到底，硬生生把R级拍成G级。瑟金斯别当电影导演了，好好做个动捕导演，技术指导，演员什么的都强。汤老湿演员生涯接过的最差角色。话说这两部毒液电影，不说毁掉，至少是成为几个好演员的污点吧。✘/0,2021-11-24,✘.,1,3
什么情景喜剧？这么烂的片国内怎么还不引进啊，影院都急死了！3/10,2021-11-08,铎mao猫,1,3
弄啥嘞，审美观2000,2021-10-02,FDTS,2,7
什么乱七八糟的，真无聊，坏蛋死不了就是大反派，咬一口就变形，打来打去是在是没劲，老套路，无新意，还他妈恶心人！,2021-11-08,xiangkaiad,2,4
2/5，就很normal，剧作法的normal，甚至很无聊,2021-11-14,十号风球女士,2,3
剧情不走心，特效没诚意。唯一的惊喜就是二册客串的神父。,2021-11-15,河狸,3,0
以雷人作为卖点的主流超级英雄电影也算独树一帜了，从这个角度来说也算值得尊重？但是连主演都毫不care地划水表演，我也不知道我为什么要care,2021-10-04,你好忧愁,1,6
真挺难看的，只能当成汤汤演的小鸡片看看，同居密友帮忙捯饬打扮追女孩，还为他打抱不平，在汤心碎后手忙脚乱给做饭哄开心，俩人互相说了一些过分的话，各自伤心，遇到危机前女友帮忙撮合俩人和好，从“你瞅你那个熊样”到“你爱我我爱你蜜雪冰城甜蜜蜜”，小鸡片，pure小鸡片,2021-11-25,蚂蚁没问题,2,2
子承父液。（《蜘蛛侠：英雄无归》藏着掖着的预告在这）,2021-11-23,[未注销],2,0
这部续集讲了个啥，一对话痨活宝从头到尾都在打情骂俏，越吵感情越深，越能互相理解对方后，再拆台。除此之外，此片再无看点。,2021-11-09,zhang 2nd,3,0
除了反派强行剧情杀之外，整体还是不错的，虽然有些絮叨。,2021-11-23,Tom,3,0
毒液太可爱了！汤老湿太可爱了！伍迪叔太可爱了！谁还要什么智商在线啊？！,2021-11-16,囍弗斯在天之灵,3,0
"  如果说第一部只有爆米花，那这部连爆米花都没有。这电影在国内上映的话简直就是灾难，好在因为某些事件。
  华纳不会拍续集别拍了，整出一部跟网大质感的片子，丢人现眼。",2021-11-14,抓住一只錫长安,2,3
这电影是导演身体里的Venom瞎拍的么？,2021-11-25,荆棘,1,0
其实从第一部之后，就再也不会幻想这个系列有什么血腥暴力严肃内核的东西，目前这种拌拌嘴卖卖腐的调调也挺好。从拌嘴吵架到生气出走，从彼此思念到和好如初，再加上点公主抱“我爱你”之类的桥段，毒液这个角色形象相比第一部更加傲娇也更加讨人喜欢，加上比第一部更加有角色弧光的反派，《毒液2》宠粉宠到极致，几乎将所有同人文的幻想统统实现。,2021-11-07,天马星,3,3
1.0。作为一部炙手可热的商业片竟然能够全程疲软无高潮，甚至连好莱坞标配三段式都没有很好地套演出来，实在是彻彻底底的失败。第一部中散发出的卖腐倾向已经非常令人反感，这一部变本加厉将毒液与艾迪的“关系”放在了电影核心问题上，换句话说，无论是屠杀亦或是尖叫这些一笔带过的所谓反派角色不过是因为超英电影必须设有英雄和反派这两种角色而存在，实际上整部电影最终的矛盾以及最后的成长历程都是为了巩固第一部中收获大量“粉丝”的畸形关系，这绝非“深入探寻人物内心世界寻求和解”的变式演绎，而是单纯制造噱头的营销行为，一种可耻更可悲的低姿态呻吟。我们应该思考现在流行的反英雄到底意味着什么？是像毒液这样在正邪之间含糊其辞的四不像？还是像惩罚者、卢克凯奇和杰西卡琼斯那样真正实践着英雄的反面身份——正邪横截面延伸出的良知,2021-11-07,不朽浩克,1,7
21.10.2: 来到美国读书之后第一次进电影院，当然是和朋友一起去的，也没人觉得好看。,2021-10-05,Leia_Xu,2,5
导演是打算不把观众当人看了,2021-11-11,幻仔面,1,2
适合孩子看的英雄片,2021-11-12,William H D Lee,2,2
居然是一部……爱情动作片。,2021-10-03,Fornever,4,30
看完明白为啥播放器要有快进和倍速功能了！,2021-11-18,超能力小苏,1,0
就很一般😂,2021-10-05,雪舟,2,5
我看了个啥啊。。,2021-11-24,takyo,2,0
万万没想到，今年尚气在美国大放异彩的原因竟是因为有一个将将及格的剧本，因为不论是黑寡妇还是毒液2，都把“没有剧本”、“全靠段子”几个大字写在脸上，全片最令我惊奇的部分是二册的客串，要不是毒液本身讨喜加上彩蛋确实劲爆，这片的观感估计和变形金刚后几部和新神奇四侠差不多,2021-11-20,Indecent time,3,0
制作完全b级化，但依然畏首畏尾,2021-11-25,西帕克,2,0
闭嘴！你们这两个喋喋不休的小基佬！,2021-11-07,注水龙🚰🐉,1,3
看Eddie和Venom斗嘴比看Venom和Carnage打架更有意思点。这到底是本片的成功还是失败呢，一时半会儿也说不清了……,2021-11-14,猪头妖怪,3,0
所以和1有什么区别？除了片尾彩蛋,2021-11-14,木耳他大爷,2,2
就敲钟对打能看，其他逻辑狗屁不通,2021-11-12,理易封,2,1
好看😂😂😂如果上映要去电影院再看一遍，汤老师的一张嘴哟，谁不想抱着啃个十天半个月的😍😍😍,2021-11-07,luerdelphic,4,0
好在没有一个讨人厌的元素，尤其是片长都这么友好。,2021-11-25,荔枝超人,3,0
满嘴獠牙的大嘴不是用来吃脑子的，而是用来打嘴炮的，就不怕咬到舌头？,2021-11-14,D野千寻,2,1
宛如又看了一遍天生杀人狂，可惜主角变了，没意思。反派并不总是需要辛酸故事。毒液——狗，各种意义上的。,2021-11-26,沙加之伦,3,0
汤老师全面深入参与。评分为啥这么低，你不会是来看故事的吧，那可太恶心人了✋✋✋比《尚气》香多了，最起码节奏流畅，没有废话，特效量也至少是后者的两倍，大概毒液系的造型实在是不讨好吧。笑点密集，毒液进一步进化为萌系吐槽役。,2021-11-11,m89,4,0
太sloppy了,2021-10-04,Cpt. 切尔卡西,2,2
主角不讨喜，反派更加扁平，整个剧本都像是流水线加班制作的二手货，除了片尾彩蛋之外一无是处,2021-10-06,Sammy,1,7
特别鸣谢此片动作指导：哥斯拉和金刚。 ,2021-11-07,北纬三十四,2,3
Double date! Double date! 剧情铺垫乱糟糟，演员们的个人魅力可以一看，这个宇宙的正派、反派都一心搞爱情,2021-11-10,SundanceKid🌈,2,1
Jeez! 竟然比第一部还蠢？！,2021-11-12,殇潮|Enigma,2,9
云里雾里半小时→眼花缭乱半小时→天花乱坠半小时。全剧终,2021-11-24,黑白郎君南宮恨,3,1
原本期待的屠杀和毒液很失望，毒液1之所以大火在于定位中立英雄，亦正亦邪加上好的剧本，2则在剧本上过于老套的走原本超级英雄的路线，拍档离开，恋人离开等桥段太简答，缺少核心剧情，高潮部分更是除了VS啥也没有。,2021-10-04,店小二,2,4
这是部婚姻情感片！简直让人恐婚…,2021-11-07,阿默沫,3,0
为什么不能弄得严肃一点，毒液都TM成丑角了，看到彩蛋我才知道为什么。虽然我看了漫威宇宙的所有电影、电视剧、动画、，但不得不说，动不动给你硬塞个烂梗的喜剧手法真的又无聊又尬,2021-10-03,艾伦•野鸽儿,1,7
漫改片嘛，要求要放低，看完心情舒畅。打发打发时间。麻烦赶紧大战蜘蛛侠谢谢。,2021-11-13,ruii,2,1
安迪·瑟金斯实在是毫无导演天赋……,2021-11-24,metaphor17,2,1
精神分裂的超级英雄，自己跟自己斗嘴，依然逗比、好看。,2021-10-15,powerddt,4,1
全片实在是很没营养 但是也太可爱了吧这两口子吵吵闹闹完全看不厌啊 会和Spider-Man来个crush吗（x,2021-11-06,raku,4,0
难看 一部没有味道的爆米花电影,2021-10-02,哈利♀菠萝,2,3
盗版看了十分钟以为自己看的是有问题的版本，退出来看了眼豆瓣评分，哦，原来不是版本的问题。,2021-11-09,大海里的针,2,5
不大好,2021-11-24,tuckme,3,0
电影开始之前放了蜘蛛侠的预告片 结果没想到整个电影就是蜘蛛侠的预告片,2021-10-03,tryptophan,2,9
正片不行，彩蛋来凑,2021-10-23,预注销,2,3
哦，其实没看完，半场就走了～,2021-11-03,andarta,1,1
彩蛋也没看懂,2021-11-18,白小邪,4,0
完全成爱情动作喜剧片了，这剧情拍了跟没拍一样，彩蛋那么一会儿的劲儿比整部电影强,2021-11-13,孙加号,2,2
片尾曲好听，剧情十分弱智，全片吐吐槽打打嘴炮玩玩老梗组组cp，不知道的还以为和沙赞似的，老少皆宜，童叟无欺，毒液完全就是鲨鱼王的智商水平。整部电影感觉就一集美剧的体量，实在有损毒液威名。打斗戏的特效还是不错的，但是因为是pg13，不血腥不暴力，根本不过瘾。啃个人头都是一剪没，寄生兽都R级大片了，这种不拍个像死侍那种的根本对不起毒液那张脸，最后彩蛋料想了一定会和小蜘蛛联动。安迪瑟金斯是个顶级动捕演员却不该去当导演，毕竟术业有专攻。,2021-11-24,寡狗,2,1
剪辑奇诡，全员降智，艾迪毒液的全程嘴炮同人，还不如哈里斯这个屠杀出个单集，反正后超英时代靠电脑后期制作的纯视效奇观就对了。毒液这口鸡汤是我万万没想到的 。5.9,2021-11-09,巴喆,3,2
故事也太太太太太太简单，一点点设计都没有哇！,2021-11-18,绯色_神仙,2,0
看了一个小时的时候我心想主线故事怎么还不开始，结果二十分钟后电影结束了…😯,2021-10-03,珊米酱超甜der,2,8
演变成话痨的毒液 硬嗑跟汤老湿的cp 好尴尬 ,2021-11-14,阿斗Mac,3,1
短平快，干干干，丝毫不用过脑，毒液绝对漫威良心了,2021-11-25,Anakin,3,0
三星爆米花电影 他俩卖腐我不可,2021-11-07,DONT_BOTHER,3,0
太吵了,2021-10-04,wilbur,2,4
除了毒液，其他角色太无（煞）趣（逼）了……,2021-11-14,牧彤,2,2
给汤老师磨皮就算了，给伍迪还整个假发。。。又不是偶像剧，没头脑+不高兴非要管自己的组合叫奥特曼，彩蛋很好，喜欢唠唠叨叨风格得人会喜欢的。,2021-11-10,合,3,1
看之前：这是什么鬼？ 看之后：这tm什么鬼！,2021-10-02,一只半只一,2,4
彩蛋着实让人尖叫,2021-10-09,红枣桂圆姜汁粥,3,10
要忍受埃迪与毒液喋喋不休，思维压根儿撞不到一块儿，三言两语就把家里搞成垃圾场已经很要命，结果又钻出一个红孩儿，智商不够数量来凑，卡萨迪的女友还师从包租婆，而且也有一招大喇叭，这几人往教堂一放，还一直变来变去，场面可想而知，要多混乱有多混乱。,2021-11-14,醉梦·聊生,2,1
故事很不好看……唯一的看点是彩蛋和姆爷的片尾曲,2021-10-02,🍇刘葡萄,2,4
《英雄无归》真应该把老版毒液拉回来，汤老湿的这版话痨毒液硬绑过去只会拖荷兰弟蜘蛛侠的后腿。,2021-11-25,瓦力,2,0
这是什么玩意？,2021-11-25,琧婯,1,0
这部换了个导演，把毒液搞砸了。,2021-11-09,弓谷所長,2,1
没什么剧情嚼劲，乐趣都成了找彩蛋。成也快节奏，败也快节奏。,2021-11-23,阿基米德,3,0
不是正常水准的爆米花电影嘛，怎么分这么低,2021-11-24,萤木C,3,0
我发誓我不会去看第三部！,2021-11-20,涵哥吉祥🌈,3,0
期待下一集～,2021-11-13,TYPHiNa,4,0
动不动就打情骂俏怎么回事？比小俩口还爱闹别扭……其他的副线，真就是随随便便。,2021-11-11,五摆五折,2,2
完美地诠释了“粗制滥造”这个词的含义。,2021-11-09,closer,1,0
2.0。说是97分钟，其实正片也就是80分钟出头，在如今体量的超英电影里，看似不拖泥带水是优点，但所有情节都浮光掠影，反而因为重点全无导致像是看了集80分钟的肥皂剧，瑟金斯在催着观众收工一样。五句台词三句平淡两句弱智，就这一点即使不谈剧情也足够把《毒液2》扔进不及格电影堆堆里去了（话说这两三年除了《自杀小队：全员集结》真的没什么拿得出手的超英电影啊、pps：包括《复联4》、《正义联盟导演剪辑版》和《蜘蛛侠:英雄远征》，不是说不好，也就那样吧）。,2021-11-17,白茅,2,0
感觉整个片子节奏都怪怪的，好像每一个片段都没头没尾硬凑在一起一样。正片也没什么内容，来来回回就是几对小两口不停地吵架、吵架和吵架。屠杀从出现到死亡都交待的草草了事，为了给老爹修复恋爱关系成纯纯工具人了。艾迪和共生体相爱倒没什么奇怪的，我就想多给一颗星给到最后彩蛋，大联欢也太期待了吧！,2021-11-17,搪昂昂昂瓷🌈,3,0
一塌糊涂,2021-11-26,逢步必顶,2,0
好家伙这是甄子丹和谢霆锋吗？,2021-11-15,Devlali Number,3,0
没有第一部惊艳，感觉平平淡淡,2021-11-07,海边的曼彻斯特,3,0
我还是感觉从第一部开始，毒液电影的整个方向都是偏了的，不管是PG-13的分级还是缺乏野心的俗套故事都是如此。索尼在首部曲畏手畏脚倒也可以理解，但到了续集依然坚持走PG-13和那毫无亮点的烂俗剧情，疯狂卖弄人毒CP，个人来说欣赏不来。从彩蛋看第三部已经划入漫威宇宙之列，R级可能指望不上，至少剧本我相信不会再这么糟糕了。,2021-11-07,Lumity,1,2
给我看无语了,2021-10-30,。,2,3
毒液1是最喜欢的影片之一，看了得有十次，无比期待第二部，看完极其降智，理解不了…,2021-11-14,小白,1,2
结尾的彩蛋，算是疯狂的多元宇宙了吧,2021-11-11,国王KING,3,0
麻烦多放点汤老湿和毒液捆绑play🥵,2021-11-23,Stiles,1,0
除去后面的字幕滚播，观看时间也就1个小时。确实没多少内容和惊喜,2021-11-24,去那里,2,0
就这？这就没了？蜘蛛侠！,2021-11-25,都柏林人,3,0
这种共生体之间的战斗，其实还挺有意思的！当然非常怀念老版蜘蛛侠3的毒液，希望真的能看到和蜘蛛侠的合体或者战斗。,2021-11-13,李格非,3,0
爆米花都皮了,2021-11-08,张星翰,1,2
剧情在哪里？,2021-11-25,littletwo,2,0
快乐滚筒洗衣机,2021-11-24,Sally?imdb9?9,4,0
我只为了看Venom和Eddie的婚后生活而来。剧情就普通普通普通..但听到Eddie对Anne说take care的时候还是有点感触。完成在英的最后一部电影。另外：荷兰弟告急,2021-10-20,takanecc,4,97
没剧情,2021-11-14,魔哥,3,1
怎么能放弃故事，转而把毒液的角色魅力放大，只是话痨又傲娇，并未展现更深层次的鲜明个性。其他角色像是工具人，没有更多的东西展开。,2021-11-24,折翼的蝴蝶,2,0
这么有才的主创阵容，真的没有一个人能看得出全片尽是在无病呻吟吗？,2021-11-23,魂,1,2
这剧作放在漫威里也属于不及格的程度，不如把重心放到床头吵架床尾和的同居生活上。,2021-11-24,alain.proust,1,0
★信我，你别浪费这1个半小时时间，看斗嘴不如去看脱口秀大会。,2021-11-24,与影牵手,1,0
可能因为有些对白不看字幕确实听不明白导致get不到一些笑点，整体观影体验不如第一部.等国内出资源了再看一遍.但是埃迪真的很爱安，戳死我了😭以及彩蛋确实很会👍,2021-10-01,Bess泡,3,19
剧情太无聊，打情骂俏斗嘴都斗的这么无趣,2021-11-06,蔕,3,1
汤老师和毒液都好蠢萌！可爱的不行！就让靠谱的目。安妮和靠谱的丹在一起就挺好！！汤老师只配跟毒液基友CP绑绑牢啦！反派也好看！,2021-11-06,镜水修二,5,0
13/10/2021 @ 英皇iSquare IMAX。節奏好過上集但動作場面依舊拍得麻麻，全片最好睇仍然係Eddie同Venom兩個鬥咀。彩蛋更加令人期待multi-verse,2021-10-13,KLY,3,2
毒液2这个2的意思是有两个毒液吧,2021-11-24,十年一觉,2,0
索尼真是一手好牌打的稀烂，白白浪费了第一部积攒起来的人气，埃迪和毒液俩人整天游手好闲不务正业，沉迷吃鸡和搞破坏，偶尔还闹点小别扭；反派CP强行致敬雌雄大盗，异地虐恋好几年，出狱直接上演我们结婚吧；毒液和屠杀的实力随便拎出来一个放在漫威宇宙里面都能让复仇者联盟脑瓜嗡嗡的，结果愣是在这搞都市虐心甜宠文，一生一世一双人，咱还能干点正事么？你看看人家别的反派，动不动就要统治世界，动不动就要毁灭地球，你俩倒好，往那一站两米多高大个，嘎嘎能吃，嘎嘎能唠，美女两句话给哄的乐呵儿的，不整个吃货探店号都对不起这大嘴。就照这么拍下去，漫威宇宙的未来得崩成啥逼样啊？《脱口秀联盟和吃货朋友们的全盛时代》？目前为止走逗比人设并且大获成功的漫威角色只有死侍，这是不可复制的，希望索尼早点醒悟，别再制造这种东拼西凑的废料了。,2021-11-26,玉娇龙,2,1
毒液1又不是没赚到钱，怎么这部弄得这么敷衍啊,2021-11-25,王大根,2,2
这也太太太流水线了吧……片尾彩蛋是全片仅有的爆点。,2021-11-08,飞侠式拼搏,2,4
还是早点睡觉吧,2021-10-03,兰姨AIan,1,15
比1差远了。故事没讲清楚，反派塑造极其糟糕，细节粗糙如儿戏,2021-11-09,mills,2,2
似乎比第一部好点,2021-11-20,落红尘,3,0
美漫终于学会了日漫的财富密码吗：出一个平庸的正片，然后坐等收割R18本子。,2021-11-14,水仙操,3,18
Cletus的cosplay外套也太tm生化猎食者了,2021-11-25,𝙎𝙥𝙖𝙧𝙠𝙮 | ✟,3,0
漫威模板电影啦，打戏还不错，国内没有上映可能。,2021-10-19,Spy Liu🌈,2,1
太难看了…几乎没有剧情可言。,2021-11-13,Creep_,1,1
你要讲啥？,2021-11-11,憨大仁,2,1
这么说吧，平时晚上12点睡，昨天看了这部电影10点多就睡着了。,2021-11-24,分派电影,2,4
咦…,2021-11-24,不姨妈的大白色,2,0
其实还挺有趣的。伍迪·哈里森又演了一次“天生杀人狂”。,2021-11-24,Ron Chan,3,0
这些250老爱找有大钟的地方决斗,2021-11-11,摄影师少帮主,3,2
说句题外话，伍迪·哈里森是越来越像Homer了，未来Homer和荷兰弟合体，可以开辟漫威另一个新宇宙。,2021-11-22,近似无限透明的蓝色,1,0
"可以跟《速激9》争夺一下2021最烂商业电影。
这部电影没有任何一处值得夸奖，不到90分钟的正片居然也能拖沓，充斥着废话。艾迪跟毒液的拌嘴在第一部中处理得跟好，到了第二部直接升级成邻居大妈吵架，看得人心烦。
人物稀烂、剧情稀烂，甚至本该是超英片最吸引人的特效跟打斗在《毒液2》中也不值得为人津津乐道，红色的粘稠的外星触手寄生物看起来真是恶心得要命。
",2021-11-07,悠公子,1,2
完全是因为钱凑出来的电影，MCU随便一个彩蛋都比这好看，无比怀念老版蜘蛛侠里的毒液，对小贱贱式的嘴炮英雄也审美疲劳了。,2021-11-24,不留痕迹,2,0
不如拍Eddie和毒液的爱情故事吧,2021-11-24,豆瓣路人己,2,1
二星半，目前最无聊的一部漫威。,2021-11-14,日出Sunrise,3,0
也就是毒液换了个颜色和加了点残暴的特性就成了屠杀，没什么亮点，看的昏昏欲睡。,2021-11-13,点击即刻爆炸,2,1
3 8亿美元票房的续作拍的跟b级片一样,2021-11-18,Joe,2,0
毒液老兄依旧幽默，故事也依旧简单到脑残。相比第一部的惊艳，新鲜感褪去的第二部甚至没有一丝拿得出手的优点。,2021-11-16,小唧唧,1,0
好难看🤯我边上有个哥们呼噜声好响,2021-10-31,屁屁普,2,1
越来越像蜘蛛侠了,2021-11-06,大罗,4,1
全程嘴炮，反派能力相克也是够秀逗的，看完没什么印象的电影，本来看点十足的视效因画面全程黑灯瞎火而导致细节完全get不到。,2021-11-14,喔喔,2,2
……这，设定也改太远了,2021-11-24,此A无码,2,0
漫威的片子，质量好的有，但是烂片也不少。,2021-11-14,Sisyphus,2,2
在如此短小的篇幅里还是能看到拖沓的叙事和为了制造戏剧的内容，全程降年龄的剧情可谓真够低幼，两家两口子吵嘴都跟过家家一样，说分手就分手，说汇合就汇合，高潮戏那个好玩，全是夫妻干架情节，完全忘记是双毒液大战。可能最好看的还是那些非毒液的人物们，反倒秤砣主角们各种保守，包括特效也是非常保守。,2021-11-07,半吊子小宇,2,2
z8x看的第一部，出柜片，汤老师都是制作人了哎哟,2021-11-24,Celeste,3,1
唉，不想说什么了。就光看看特效就行了，其他的快递,2021-11-16,__酉卒 目艮__,3,0
"除了电影中亮眼的高科技
剩下的也只是无比套路的剧情",2021-10-10,Micheal,2,4
除了打斗场面和彩蛋之外，其他真的是平平无奇,2021-11-25,一只小孙鼠🐿️,3,0
粗制滥造,2021-11-14,烟渺水茫,2,2
这剪辑也太差了吧……跟初剪一样急匆匆的。另外，谢谢，我讨厌黑命贵做作的表演方式。5.5/10 21/11/06,2021-11-07,Lazy Designer,3,0
"友情分三颗星吧……真的不能再多了……和屠杀一比毒液真的蛮垃圾的（虽然毒液也挺可爱的…）伍迪哈里森有头发的样子我真的好不适应哦……几乎整部电影唯一能看的就是汤老湿的脸了。真的好奇一个超英电影中时长算很短了，但是这么短的时常还这么无聊…我服…",2021-11-18,Chaos maker,3,0
太差了，恨不得看个片尾彩蛋就好,2021-11-20,得嘞,1,0
什么乱七八糟的,2021-11-25,Horn,2,0
我的妈，比尚气还难看。。。又白期待了,2021-11-14,星尘战场,2,1
真难想象女反派居然是走路乱颤动辄对着007媚笑的Pennymoney（瞅这名字起的）。一部非常标准合格的Popcorn-super antihero-action-buddy-comedy，这五点居然都做到了，不容易。唯一不满意的是配乐，再有个性一点就好了，可惜了Eminem打下的底，应该跟《黑豹》多学习一下。Andy Serkis没有胡来，保持这个系列稳定发挥（影评人分一如既往的低，影迷分一如既往的不高不低），已很满意。现在观众可能不喜欢废话太多，打架靠力气大的电影了😆电影前播放了蜘蛛侠的预告片，结束后播放了蜘蛛侠的彩蛋，怎能让人不爱啊！（粉丝就是这么容易满足。）这一部里Dan表现得确实不错，我也喜欢🤣,2021-11-06,Q影誌,4,0
埃迪和毒液的结合对我来说是最令人上头的部分。视觉体验棒！特效非常棒！👍👍👍,2021-11-08,寳寳64624,4,22
拍的是啥 感情线没了 且为什么杀人狂要和他做朋友？ 为了让carnage出来？,2021-11-14,常端,2,1
全方位的又烂又吵……我看副标题应该叫《Shut Your Mouth》,2021-11-23,维恩B,1,0
哈迪和伍迪一起竟然演了部傻缺片。烧死异性恋，腐腐拯救地球。,2021-10-24,永恒的天瓶水,3,1
看了毒液2，实在太让人失望了，整部片水的不行，去掉片头和结尾字幕，才80多分钟，一半时间汤老师都在和“毒液”打嘴炮，无聊透顶。,2021-11-07,卷毛和尚,2,1
没想到这么老套,2021-11-25,尘目,2,0
真的不如第一部,2021-11-12,走到银河去,3,0
"5.6/10毒液和他小男友的同居故事，也是够无聊的，整部电影跟闹着玩一样，也就最后教堂的戏份还看得下去，其他就，嗯，算了。正片有多无聊，彩蛋就有多兴奋，期待汤老师和荷兰弟早日会面。",2021-11-08,小然Raner,2,1
动作捕捉之王怎么拍了个这般简单到六十分钟都嫌长的故事,2021-11-09,西北有高楼,3,0
降低点预期之后，其实还是可以,2021-11-08,懒羊羊,3,0
仅适合13岁以下心智不全者观看…,2021-11-10,46562002,2,2
"黑红毒液好像两坨嚼过的大大泡泡糖，粘在一起绕来绕去。
超英这种流水线产品距离过气又近了一步。",2021-11-23,Lemon,3,0
片尾彩蛋比正片精彩。,2021-11-20,ZacharyYuan,3,0
没好剧本拜托别拍，浪费资源浪费钱,2021-11-23,wdsgscc,2,8
狗尾续貂现场,2021-11-24,Danny,2,0
X。,2021-11-24,Blacken.,2,0
彩蛋比正片好看？,2021-11-24,大發,2,0
过于观念先行,2021-11-17,Lady Midnight,2,1
居然能比《黑寡妇》《永恒族》更烂，是我真的没想到的。虽然第一部也是经典漫威流水线作品，但这部已经是三流网络小说加页游的垃圾片了,2021-11-25,Rex,2,0
"真不是黑,这片子烂到让人毒液般发狂!...一部片子进度条过半了,还没进主题.还在颓废英雄生活....",2021-11-14,生肖很茫,1,2
全程都是令人出戏的“骚话”与不合时宜的“卖腐”，反派形象、能力设定都是毒液的直接换皮，还是tm最廉价的那种伴生皮，高潮戏的打斗甚至不如第一部精彩，可见整部续集制作毫无诚意，估计心思都用在毒液和汤老师这小两口怎么斗嘴拌蒜秀恩爱上了，然而这些角色间互动的文戏就好像“直男”写出的恋爱文，即使电影成片不到90分钟，让人看起来依然是又臭又长,2021-11-08,聿之,1,8
彩蛋还蛮多的。。这剪辑没谁了虽然时长很感人但再稍微用用心啊！最好的一段可能是反派童年回忆的那段漫画了，我还是萌毒液这个人设啊，一夸就翘尾巴的幼稚表现真的很吃这一套，就是家暴不太好，记得要改啊。,2021-11-08,19431818,3,0
一开始那个稀烂的剪辑和转场真的把我给吓到了，幸亏后面好像还可以看得下去，整体感觉跟第一部半斤八两，同样平淡无味的剧情，同样乏力无趣的人物塑造，以及同样图穷匕见的卖腐，结果全片最精彩的竟然是一个彩蛋——而且这个彩蛋还不一定能够实现。,2021-11-16,双月鲲鹏,2,0
安迪·瑟金斯还是好好做演员吧，汤老师估计一次就签了三部弃坑都没机会。,2021-11-25,tata,1,0
动作就很一般般了，彩蛋还有点意思,2021-11-24,格林童话,3,0
质量比一差一点，总体算看得过去吧。,2021-10-01,QQ的汤包,3,9
我不觉得这只是毒液的问题，只是安迪瑟金斯的问题，它也是迪士尼的问题甚至是好莱坞的问题。漫威拍到现在，老马那句主题公园已经反映了对它的制作方式的不满。迪士尼其实懂得创新，它的复仇者联盟、银河护卫队其实都是开创了一种新的超英片形式。但它的商人本色让创新成为了赚钱的工具，保守性也使得一切的创新浅尝辄止，复联的高娱乐性成功了，剩下的几乎所有都fun味十足。银护成功了，银护2完美复制了前者，好似鬼打墙。毒液同样，迪士尼在venom和Eddie之间的“化学反应”中吃到了甜头，就在第二部狂塞工业糖精，生怕观众眼睛瞎反应迟钝发现不了。观影和吃饭一样，没有谁受得了这种狂轰乱炸，再感兴趣的东西也会变得腻味。而且这部为了凸显他俩几乎牺牲了其他的所有，女主反派都没有什么存在的意义，它变成了最糟糕的主题含混、没有故事性的段子电影。,2021-11-16,坠落幻觉,2,0
无脑爽片，在我记忆里来去的痕迹就像毒液本身。,2021-11-10,gogoboyz,1,1
比第一部还差，节奏快得飞起，没有任何“活的”角色，相同的破坏场景看久了只留下视觉麻木感。,2021-10-14,Grawlixのhell,1,5
"看了，又仿佛没看，第一部我本就不喜欢，第二部几乎是第一部的糟糕重置，角色的扁平化处理，事件的顺理成章压缩时长，特效的粗枝大叶，而铺垫宇宙与续集的心思倒是不少...
马丁当年说的电影游乐园化的趋势在今年已然非常明显，这已经是电影的至暗时刻了。",2021-11-07,雨苔思音,2,5
我痞子姆爷的主题曲超好听的，Woody Harrelson甚是让人提神醒脑，屠杀这货真是花式杀戮运动员，出场这么久，杀招可以说都不带重样的,2021-11-07,泰坦尼,5,25
彩蛋很棒!,2021-10-06,weixi cui,4,32
吃鸡？,2021-11-24,callmeblack,3,0
我都忘了第一部的剧情了，再拍恐怕我得忘了这部的,2021-11-13,马拉马拉尼罗鳄,3,0
为什么一定要拍的这么尬？太尬了,2021-11-25,Suito,2,0
"3星。Venom全程嘴炮，主角互怼是一大看点，Time to die简直要笑死，关键时刻就想着退缩的毒液你咋那么萌？？？！可是venom这么帅编剧能不能别让他这么弱啊！大战感觉他都要被打死了靠运气才活下来，这种节骨眼想要既搞笑又耍帅就能让技能提升起来，不然就剩下死鸭子嘴硬白瞎了这帅气呆萌。两个反派不只没脑子还莫名其妙。

希望Venom和小蜘蛛能成为好朋友，打一架没关系最后当合伙人就成。",2021-11-15,养一只肥肥的鹅,3,3
这都不是鸡肋了，这是被人啃过几遍的鸡肋。4,2021-11-23,巴士底的猫,2,0
"主角内讧，强行鸡汤，反派愚蠢，决战降智，警察不行，打斗无聊，画面一般，全在预告，浪费生命，建议不看。
片尾歌不错。",2021-11-15,里昂,4,0
love story显然不该是烂片的遮羞布,2021-11-17,YiQiao,1,0
反派自以为是Joker lite但实际上傻得要死立不起来。其他的部分可以认为是一部爱情轻喜剧。总体而言中规中矩，基本上符合预期（前提是你本来就没有什么预期），合格的傻兮兮爆米花片，非贬义。,2021-10-04,ꊰ꒐ꋊ.,3,1
一句「father」直接把我笑沒了,2021-11-23,林觴,3,0
就……两口子闹别扭打了个怪又和好了？,2021-11-14,没有枪的牛仔,2,1
没有好故事就别拍,2021-11-14,expo惹,2,2
咕噜请你回去老老实实做动捕演员,2021-11-18,大白汐,2,0
滑稽闹剧，索尼差不多适可而止了。看彩蛋应该是也穿越到MCU了。,2021-11-24,iain bot,2,0
没有任何可取之处的烂片... Andy Serkis您老还是好好当演员好吗,2021-11-25,zy_,2,0
屠杀真心被削弱了，漫画里可是战力天花板，狠到小虫找毒液帮忙，狠到团灭复联，电影太短了，屠杀的发展空间大大下降，剧情经不起推敲，不过安迪瑟金斯的执导下，动捕效果很不错，尾声的彩蛋无疑是剧透了小虫3的平行宇宙概念，索尼的蜘蛛宇宙雏形已经出来了，虽然剧情一锅糊，看看特效也是一种欣赏，这次的毒液共生体真忙。,2021-11-24,鹤辞于青野,3,0
三星都给汤老师和他的好基友cp,2021-10-16,猪脚脚,3,0
这部毒液2也太简陋了啊，剧情简单，人物简单，动作简单，表演也简单，时长所以就简单了，加到一起基本上没什么东西,2021-11-23,天行者aiken,2,0
一般吸引人。,2021-11-07,kiki204629,3,0
风格很棒，应该是新版蝙蝠侠梦寐以求的，打斗也很好看，只是故事太单薄，甚至有时让人怀疑是不是经过大量删减,2021-11-25,百分之十啊,3,0
5.7,2021-11-08,大象姐姐KK,3,0
双口相声变四口连弹。,2021-11-23,柯里昂,2,2
浪费一小时的烂片（快进两倍速看的）威廉姆斯大美女怎么还是那么好看,2021-11-25,油焖茄子,1,0
看到彩蛋的第一反应是震惊加兴奋，但讲道理我真不希望毒液是为小蜘蛛准备的，他们俩联手可以，对抗心里很难站队，毕竟这一版的毒液并没有黑化，反而很骚,2021-11-07,ZZ,4,22
全片去除片尾不到九十分钟，剧情相当简洁粗暴，又吵又闹。,2021-11-10,hhTron,3,0
故事太小了，八十几分钟的漫威电影，也是罕见,2021-11-19,今生、唯爱,2,0
多一星给汤老师吧  确实挺无聊  ,2021-11-14,尹宗佑（已黑化,3,1
"意外的搞笑幽默，反派演员的口语非常清晰，听得很舒服，venom 真的是又丑又可爱，实在是烦人的可爱。
唯一就是有些画面太血腥暴力，所以有年龄限制，13岁以下不可观看。整体来说推荐！",2021-10-17,山楂山喳,4,83
别告诉我，你还会接着拍3？可惜又一次糟蹋了哈老师,2021-11-11,深溪虎,2,1
现在的每一部漫威都是父子大战吗？不用什么都变成银河护卫队啊（不是说银护不好的意思）！！但有自己的风格好不好！,2021-11-15,toishiki,2,1
真特么傻逼,2021-11-14,资深低阶路人,1,1
彼特没能救下她，可埃迪救下了她,2021-11-08,绝不只是蹭蹭,4,1
或许就是这样撒欢儿胡搞才是这个系列的出路。,2021-11-10,┢落┦,3,0
好无聊啊！吐槽不够欢快密集，打斗一点也不刺激……汤老湿的魅力没法释放啊！,2021-11-18,ashvsdeadevil,2,0
有点无聊....,2021-11-23,Lucien,3,0
"剧本烂得跟个屎一样
我一星都不想给
都什么年代了
还玩英雄救美那套
反派弱 正派更弱 
鸡毛蒜皮的小事也拿来拍",2021-11-07,treasure,2,2
不好看，我试过了，咽不下去🥵,2021-11-14,龙猫不是猫,2,2
①冲突，和好，同仇敌忾，在压力之下学习如何相处②红黑毒液大乱战,2021-11-24,红袍修罗,3,0
就显得很对付啊，无论是剧情到人物拓展，都很符号化也浮皮潦草，所谓的杀戮开始，就仿佛只是一个小小的前奏，还没吹响就结束了。非常不过瘾以及仓促潦草。但老湿萌是真萌。,2021-11-16,华盛顿樱桃树,2,0
"Venom is dead.
Incurable heartbreak:(
（粗糙程度甚至不愿意称之为一部电影，众演员完全没有任何角色代入好伐。去看漫画吧，卖腐都不会的Venom只剩音乐可以听听",2021-11-07,PAUL,1,1
推翻牛顿定律，重新定义“杀戮”。前八十分钟：这样还没摔死？后十分钟：就这样摔死了？属于伤害性不大但侮辱性极强的那类电影。,2021-11-08,嘟嘟熊之父,1,7
说明素食主义不太行,2021-11-24,Kyofu_Bunshi,2,0
确实挺烂的，后半段剧情节奏崩盘，要不是毒液和屠杀，2星最多，1应该是加给小蜘蛛彩蛋,2021-11-13,Etsaw,3,0
就⋯偶有笑點 整體很悶,2021-10-13,igrɛkonze,3,0
爆米花+可乐,2021-11-22,留青白,3,0
有一种早期超英烂片的复古气息，以及没有剧本随便找了个天生杀人狂就东拼西凑拍出来的感觉。,2021-11-24,Merov Mugatu!,2,0
谁不想要养一个毒液呢,2021-11-08,虫拜女神银,4,0
坐立难安的难看,2021-11-14,madaoooo,2,1
今年看过的超英电影咋都这么翻车呢……,2021-11-23,Carmen,2,0
片子像个半成品 太吵闹呱噪 难道都靠彩蛋活着？,2021-11-13,Ivy_Hu,2,1
"胡编乱造生拉硬套赶鸭子上架的破烂剧情，搞笑时的汤老师和片尾彩蛋是仅存看点。
千万不要带脑子观影，一定不要思考逻辑，作为纯看热闹场面的爆米花商业片，还是合格的。5/10",2021-10-24,dunefox,2,2
除了彩蛋一文不值,2021-10-17,FrankWayne,2,17
确实非常一般，整片剧情就像强行加入的，不如最后一个彩蛋真正吸引人。,2021-11-18,Lily Liu,2,0
毫无长进，毫无新意，剧情敷衍。为了敷衍特效大段大段的夜晚场景，索尼想搞自己的蜘蛛侠宇宙也麻烦用点心。,2021-11-26,我的婚前生活,2,0
以身试毒，真的是毒。,2021-11-11,Leo,1,1
因为是漫威才看的,2021-11-25,Gattaca,3,0
除了彩蛋以外毫无是处。,2021-11-26,海蓝蜀黍,2,0
5.8／10,2021-11-09,又子又,2,1
给彩蛋里的荷兰弟加一星,2021-11-14,波特曼,3,1
就，很无聊。吃巧克力不如吃鸡脑，吃鸡脑不如吃人脑。毒液长期吃巧克力变得十分弱智，与毒液共生的埃迪智商也下滑了，搞得这部电影前半部分就不是超英片，也不是怪兽片，而是“婚姻故事”。反派在被屠杀附身之前也还算正常，附身之后也变傻了。比较正常的只有前女友安，看来要成为普通人只能远离毒液的侵蚀。看了彩蛋的我一点也不激动，甚至希望这俩角色最好不要去祸害蜘蛛侠。,2021-11-12,蒙奇D,2,1
警察利物浦口音讲美音太可爱了。居然有二册，演路人甲神父,2021-11-24,funny,3,0
太糙，又失去了第一部的有趣。,2021-11-10,拔刀诀,2,1
哈哈哈哈哈哈哈太垃圾了求求不要再拍了,2021-11-12,White Bear,1,2
感觉就是为拍续集而拍的续集，先有结果而有的剧情，热闹喧嚣的场景感觉就像在看一部中二的日漫，但不要灰心，第三部还会如约而至。,2021-11-10,flyinbed,2,1
实在是太低幼了……毒埃家暴吵架卖腐戏码实在刻意得有点尴尬，毒液真的很烦。Mrs. Chen全场最佳。片长倒是够良心，97分钟还包括十几分钟片尾。,2021-11-25,RealityBites,3,0
第一部已经够烂了，第二部还能烂到《新变种人》的水平也是没想到。,2021-11-10,VeryGZ,1,1
"很平穩，沒有驚喜…還有一些硬性設計來推動劇情
自製反派自己打",2021-11-07,No.蹦跶,3,0
非二，仅番外,2021-11-08,John·Chang,2,0
真的很无聊,2021-11-14,废柴烹菜鸡,3,0
"为了秀出彩蛋，已经不管正片质量了…通篇透着聒噪和疯狂，让人只觉得吵闹，居然与 ""shut the mouth"" 共情了 🤣",2021-11-09,旺仔流奶,2,1
毒埃是真的，烂也是真的，疯批伍迪·哈里森演的不错，给他加一星吧。,2021-11-15,まさき,2,1
一般般,2021-11-07,道哥聊片儿,2,1
oldschool属实是too old了，,2021-11-11,Raven,2,1
垮得就像没有宿主的毒液。,2021-11-24,Axis,2,0
就特别特别特别特别特别一般，每一个可能会好看多一些的点都被掐灭了，真的很想知道拍摄过程中发生了什么（多给一星完全是演员角色感情分,2021-11-12,哥谭花匠safina,3,0
无脑爽片，基本就是去逻辑的各种逗趣集锦。,2021-11-14,woniu2048,2,1
你以为这是一部超级英雄电影？No，这是一部彻头彻尾的爱情片，而恋爱的双方是汤老师和一个话痨的外星生物,2021-10-16,水星cici,3,0
231st 非常严重的拼贴感，爱奇艺网络大电影的质感,2021-11-14,京-93Aguilera,1,1
只要你快进的够快就没有烂片,2021-11-19,影娱盘点君,3,0
看了1/3关闭，及时止损,2021-11-24,美伢老师,1,0
真的是被这种潦草和敷衍的态度气到，观众这么好打发吗？,2021-11-09,明月何时照哥谭,2,1
像一集漫威番外篇的电视剧集，而不是预想的爆米花电影。没有了庞大宇宙的介入和嗜血狂暴的异种，被驯化的毒液和好市民埃迪就像江郎才尽的魔法特写出的夏洛克后两季，全片主线是夫妻拌嘴，执法正义充当配菜，程式化反派的存在仿佛只是为吵架和好的模式增添一丝情趣。短小的篇幅却不精悍，正片仅有一部卡通的体量，很难不阴谋论前文都是为了两个TH银幕相遇的彩蛋水出的字数。第一部的火爆现象效应有几多是被里兹阿迈德的角色带动反观下不言自明，哈里森和哈里斯那段血腥版两小无猜的故事虽然流俗，却变成乏味剧情里闪光的点缀，尤其是动画形式插叙的杀人魔堕落记，只恨不能更长一点。当遵纪守法的毒液成为变体忠犬，不再有任何反英雄的邪恶魅力，这才是「折翼天使」，或许也是超英篇章翻过一页后残余尾声折射的疲软。,2021-11-24,嵇澹,2,0
怪咖情侣一刀切，为救红颜杀遍街。惩恶扬善正道光，毒液险些喜当爹。,2021-11-12,只喝摩卡的狗,3,0
这粗制滥造，真的不是b级片？估计也是经费不够，幸好就一个半小时,2021-10-26,小羊不亦乐乎,2,3
故事太敷衍，搞笑呢在这儿。,2021-11-07,太阳,3,0
我愿称之为漫威最烂没有之一。,2021-11-24,Immortal,1,0
一点都不酷的正反派。,2021-11-24,如虎添翼,2,0
今年最期待的电影，非常的好看！ 汤老师的演出依旧风骚，期待和荷兰弟擦出更多火花！..,2021-10-15,有刀有盾,5,28
毒液父子杀，红黑联动蜘蛛侠,2021-11-25,豪豪想你🌈,2,0
"感觉这个故事里没有主角之外的其他人类也没问题,两个毒液为了生存直接上来干架不也挺好,女反派的能力很有趣,很可惜",2021-10-16,无耻哈尔皮,3,0
全方位的灾难车祸级影片。连唯一的遮羞布特效的毒液和屠杀都像是换色的套皮怪。如果当神经喜剧看的话可以打两星。,2021-11-11,赤之彗星,1,2
"一星给毒液和埃迪的基情 一星给两个触手怪打架场面  
剧情真是差到约等于没有",2021-11-23,归茫37,2,4
CP>美術>>>>>劇情，基本就是為了娛樂性無底線讓位的作品。不過聽到毒液come out還是真蠻有娛樂性的，而且也不是那種光把LGBT做賣點的作品，實際上從劇本上有感受到莫名的尊重(？）。看到多數差評還是多加一顆星吧~,2021-11-02,匣中猫,4,0
毒液不仅萌 还很傲娇 他跟布洛克的相处模式挺基的 布洛克跟被毒液附体的安妮道歉的情节是影片为数不多有意思的地方 屠杀以及他媳妇儿尖啸这对亡命鸳鸯 本来是很不错的反派 但时长所限 完全没有得到该有的刻画 九十来分钟的片长让整部影片显得特别仓促 奇怪的是却依旧拖沓 可见电影时长跟节奏并没有直接关联 强行降低分级评级是一件跟电影审查剪刀手同样恶心的事情 这也是毒液2最大的罪过 本来毒液和屠杀应该带来一场血腥暴力甚至恶心的杀戮盛宴 最后只剩下人畜无害 既不过瘾 也毫无美感和爽度 草草收场的“大战” 影片唯一值得看的可能就是彩蛋了吧 毒液意外进入了漫威电影所在的平行宇宙,2021-11-23,Mosquito史歌,2,0
半径20米的红宝石水花！！！！不是吧蜘蛛侠3会有汤老师嘛！！！！,2021-11-24,Anti-G Owl,5,1
后半段嚎叫女二那里的剧情被剪得有点奇怪。,2021-11-26,茶杯里的猫。,3,0
红与黑的毒液，果然被女人消灭了。低幼的剧设写着故作高级的梗。,2021-11-15,哗啦啦,3,0
毒液和宿主埃迪之间的互动，是影片喜剧元素的土壤。外星生命体对地球的“无知”，为两者的沟通设置了很多笑料包袱，两种语言之间的差异虽然会打些折扣，但你真的要沉浸进去看，绝对对得起票价。,2021-10-13,第二个李,5,93
好凌乱啊。。。一种可以，但没必要的感觉。。。最大的惊喜是彩蛋,2021-11-24,芬芬达,3,0
6.5分。作为一部爆米花是完全合格的，各种基本的期待也都拉满了。但就如第一部，或者说还不如第一部那样，整个故事的“格局”实在是太小了，作为反派的屠杀还没好好刻画就直接被吃了。原本其实屠杀和尖叫两人之间能力相克是一种很好的设计，完全可以展开很多，这样草草收尾挺可惜的。还好埃迪和毒液还有安妮和丹这样的四人组合相互之间有那么点火花，否则这片子真的没啥看点了~~~最后的彩蛋不错，值得期待~~~~,2021-11-12,Riobluemoon,3,1
共生的关系，一样的套路，简单粗暴没逻辑。,2021-11-20,月白,2,0
不太用心 ,2021-11-11,三年,3,0
reece进军好莱坞了！ venom和eddie 如果这都不算爱 /  看到最新有个人标了五颗星 点进去一看 已看电影20+部 全五星全都是今天新标的 关注33人 被关注32人 guess what 清一色今天刚注册的号 所有的电影都是五颗星 呵呵 水成这样,2021-11-23,Elaine_,2,0
天生杀人狂里的伍迪.哈里森比这里面的人包括他自己演的那个蠢反派都正常可爱多了。,2021-11-11,一念无明,1,1
昨晚看了，是真的很无聊的一部续集，整部下来就是一个人的自言自语 然后自言自语生了个儿子  儿子打老子没打过 就结束了。 跟1没得比！,2021-11-14,窝窝乡的蛮吉,1,2
"胡子拉碴、不修边幅的微胖汤老师实在可口。
其他的就一团稀烂了。",2021-11-21,东东隆咚锵,2,0
情节真的乏善可陈，大家好像都只是为了期待最后那一分钟彩蛋后可能发生的事来看的这部电影。,2021-11-11,风凌羽,3,0
夭寿……毒液看起来像个家暴男，看得我直害怕……,2021-11-23,puss,2,0
毒液的第二部就像是雷神的第二部，实在是乏善可陈，屠杀看起来也就像是个大些的龙套。最后的大战的剪辑给我的感觉都不像是好莱坞的水准了，那种草率的感觉过于明显。真是觉得这部电影的意义全在预告里，太离谱了，MCU要这么搞吗？还有汤老湿是胖了吗，怎会显得如此的圆润。,2021-11-25,苏麻离青,2,0
"按说是最精彩的打斗场面，我竟然看走神了。
彩蛋反倒让人很是期待。",2021-11-24,杨枫,2,0
为了这个彩蛋才拍的这部电影,2021-11-09,hollow,2,3
眼泪笑出来。太短啦！,2021-10-16,Ejour,4,26
和尚气连着看的，本来以为尚气就挺不好看了，没想到这个更……就说这片有什么剧情吧，反派组纯靠演技倒是显得挺带感的,2021-11-12,萌特斯,2,1
两口子吵架说不清理还乱，总之是真爱了,2021-11-24,Lee_刁,2,0
味同嚼蜡，食之无味…全片最精彩的居然是片尾蜘蛛侠的彩蛋！,2021-11-17,良莠,2,0
中规中矩乏善可陈的续集，剧情和人设都有些Old School且敷衍。,2021-11-12,阿尔卡夫特,2,1
就是还是挺套路化的，屠杀就这么被吃了有点仓促吧？杀人狂死的也有点绝对吧,2021-11-25,cenduruila,3,0
二册一星，彩蛋一星。,2021-11-19,清水幻象,2,0
venom可爱，但tom hardy逐年更无法连系上当年的帅哥让人失落,2021-11-07,reneryu,3,0
剧情有点神经病。,2021-11-25,Ecane,3,0
小两口吵架,2021-11-15,Hope·太多,3,0
或许会有争议，但《毒液2》绝对是2021年你最不应该不看的电影，没有之一！,2021-10-15,丶墨瓜,4,0
没意思,2021-11-23,杰克丹尼,3,0
看了毒液1之后专程来看毒液2，讲真的毒液真的还蛮可爱的，尤其是那个大舌头舔来舔去的，男主也很给力，延续了第一部的精彩,2021-10-14,一瓢江湖我沉浮,4,0
全程很酱油，贱贱版venom,2021-11-24,__雲淡風輕.,4,0
很好，没花钱买票,2021-11-25,豹哥,2,0
知道烂，不知道是这么烂，前半部分各种廉价段子，按头让你笑那种，有时候知道是个包袱但影院里一片静默，真是尴尬。后半部分毫无逻辑的混乱打斗，然后莫名其妙打赢完事儿。无聊到不行，连彩蛋都没等就走了，这个IP基本没戏了，想不出来还能怎么救回来。,2021-10-23,雲水,2,3
3.3/大不如前 很实用 嘴炮也没上部精彩了 婚后日常撕逼不过如此 欢喜冤家,2021-11-09,Entrop1e,3,0
獠牙锋利，毒舌慑魂，八爪鱼的造型凸显了攻击力。可贵的是，在震撼之中还有些幽默。,2021-10-15,王奋斗,4,0
当某种恶趣味丧失新奇感之后，重复就会变成无厘头式的尴尬。,2021-11-08,褪到黑色,2,1
这啥呀这是？与内容吗？编剧欠薪了吗？没有编剧对吗？,2021-11-15,狮头郭,2,0
"两星半吧~
《毒液2》这剧情......编剧就写了个故事大纲吗，这也太特么“精炼”了，但我还是觉得比第一部强，在剧情同样糊弄的情况下，第二部很良心的把片长缩短了很多，正片只有80来分钟，不耽误时间~~~彩蛋看的我虎躯一震啊，赶紧把毒液交给迪士尼&MCU吧，别让索尼继续祸害了。。。",2021-11-24,海王星来信~,2,0
AMC Sunnyvale 12 | 剧情无聊 演技drama 好几个jump scare给人吓得激灵,2021-10-09,仰望ぜ晴天,2,3
毒液本人的特效比前作好多了。口碑更烂了但我还觉得挺好笑的。对待漫威就要没心没肺，有笑到即赚到。,2021-11-24,sunbean,3,0
哎，这扯不扯。看过之后就好像喝了一场宿醉。迷迷糊糊的，这感受倒还挺汤姆·哈迪！,2021-11-12,邵禹升,2,1
又萌又丑，超级可爱，第二部回归啦。波兰看得，开心。剧情一般，没啥内涵，不过作为爆米花电影还是合格的。,2021-10-14,月薇澜,3,0
太短了，故事太短了，我甚至都不知道这片到底讲了个啥，如白开水一般的剧情，从头到尾。。,2021-11-25,沙漏之瞳,2,0
感觉像上世纪的电影,2021-11-14,xx甜茶x,3,1
话痨程度跟死侍有得一拼，cult程度也旗鼓相当，但是剧情比死侍拉跨。不如第一部精彩。,2021-11-10,需要毅种力量,3,0
汤老师胖了，躺下来肚子乱颤。个别场面给恐血小哥哥吓到了嘻嘻。原声，印度版插了几次赌场广告啧啧。,2021-11-08,翡冷翠,4,0
【C】这拍的都是什么鬼…几乎继承了第一部所有缺点并成倍放大，扁平的角色、白开水的故事、走流程般的叙事、无趣的对白、糟糕的节奏、跑路的逻辑，最难受的是和第一部一样全片都粗糙得就像直接用初稿拍出来的一样，很多情节因为缺乏基础逻辑所以毫无说服力，角色行为逻辑也是个谜。最想吐槽的是屠杀的诞生原因居然这么…我找不到词来形容编剧的偷懒了…,2021-11-09,恐怖食人大火鸡,2,1
21-294. 話癆毒液哈哈哈哈，可愛,2021-11-24,晚焰,3,0
劇情差到仿佛一個山寨蹭ip圈錢之作，各種難看又吵,2021-11-25,GS,1,0
好基友，一生一起走！下一步要大战蜘蛛侠了？,2021-11-25,摩力克,3,0
看片长就知道敷衍，没想到这么敷衍，太难看了，要么就打得有理有据，要么就爱得你侬我侬，现在搞得跟剧本大纲似的。,2021-11-13,甜水园子温,2,1
emmm……比起吃小蜘蛛，接下来还是比较期待看到venom和deadpool这两个小bitch胡搅蛮缠一起发疯。,2021-11-16,紅豆生南京,3,0
两分钟的彩蛋很好看,2021-11-07,死亡食社,2,1
动作场面比起第一部有升级，观感刺激，剧情也有进步，很解压的电影。,2021-10-16,soneszk,4,0
太过儿戏，意料之中的集结式彩蛋也没啥好欢呼的吧！,2021-11-24,独孤行二,2,0
食之无味 丢之…好像也不可惜,2021-11-07,Infinitezoe,2,1
"毒液2也太好看了吧！看完后感觉真是意犹未尽！

能百毒不侵的人，都曾经伤痕累累过；能笑看风云的人，都曾千疮百孔过。每个自强不息的人，都曾无处可依过；每个看淡情爱的人，都曾至死不渝过。 ",2021-10-17,woshihta,4,0
漫威这波平行宇宙重启的开头几个故事都不咋地啊，看看年底的蜘蛛侠能拍成什么样吧。,2021-11-13,呵呵好吗,2,1
强行制造一个反派，勉强的爱情故事，连CG都能穿帮，这个是不是最难看的漫威电影了。,2021-10-17,格列柯南,3,1
这…汤姆哈迪给自己的角色写的CP文吧…作为超英片没有一点点的格局，并且无精华，看结尾彩蛋这是要和荷兰弟版蜘蛛侠联动了？？,2021-11-07,绯色的回忆re,2,1
剧情稍稍有点乱，最后的彩蛋不错，并且暗示了下一集。,2021-11-07,江湖骗子,2,1
正常，第二部肯定没有第一部冲击感强。故事也小了一点。还一个原因是没在电影院看，视效感受上会差一点。,2021-11-14,PAMBO,3,0
能在白天打架吗？,2021-11-08,M A R A,3,0
1小时24分的剧情，前40分钟2个人瞎扯淡的闹哦，砸哦，然后莫名其妙出现一个红色的儿子，然后莫名其妙的就赢了，全片昏暗背景，视觉疲劳。第一部是新鲜感加蠢萌，第二部就是TMD的烂。。。,2021-10-15,绝望的状态,2,1
开头还有点好笑 后面逐渐垮掉 特效停留在80年代水平,2021-11-26,Alan,1,0
毒液系列很喜欢，第二部也不辜负期待，算是比较成功的续作。,2021-10-15,喵步漫游,5,25
也不至于那么烂吧！和第一部差不多观感 汤好可爱,2021-11-23,氿木,3,0
从昨晚吃到今早的一坨屎。,2021-11-24,Layer,1,0
除了挤进什么宇宙，没有其他意义。,2021-10-03,咸菜帮老大,2,9
两星半。共生演化出战争，寄生活成了爱情，习惯是绕梁的小鸡不可挥散，虚荣是皇帝的新衣无从落脚。未被善待的反派以善意终了，不被祝福的婚礼以血色为贺，连环杀手的夙愿是讲述故事，优质前任的要义是撮合后续。哪怕你不需要我参与日常，仍想与你分享每一刻荣光。,2021-11-18,小瓣生🌈,3,0
彩蛋比正片精彩系列。,2021-11-21,陈,4,0
所谓漫威内卷。自己跟自己乐呵～,2021-11-10,熊能能脚不沾地,3,0
毒液和艾迪吵嘴太搞笑了吧，外星人秒变粘人小猫咪，就想跟艾迪在一起，就算只吃巧克力也没关系。btw，彩蛋一定不要错过。,2021-10-14,睡眠困难群众,4,0
最后这是穿越了？,2021-11-14,歡喜禪,3,4
彩蛋加一星,2021-10-16,春猪,2,2
说实话，挺无聊的。能不能解释解释，为什么红色就打不过？？,2021-11-23,废土行者,1,0
今年影荒了这么久，终于有一部提提神的电影，帅帅汤老师。这里跟蜘蛛侠已经有幕擦，真希望第三部能联动起来。,2021-10-14,熊熊如也,5,29
不好看，印象中第一集也是两个毒液同族人在打，这次的对手以看就特别不牛逼，整体也敷衍。导演竟然是那个人，还有MW竟然没被我认出来，还是好看。另外，那个Dan在那部美剧中是不是也叫Dan。WOT,2021-11-17,随喜,2,0
很喜欢毒液的设定，一个反派角色和人类的撕扯，其实超级英雄就是普通人。,2021-10-14,\/\/¡||,5,0
不太好看,2021-10-04,子哉,3,0
剧情设置还是很合理的，有很多高光的时刻，节奏感很强很抓人，全程专注地看完了…,2021-10-16,渡一,5,0
毒液2属于非常值得掏钱去电影院里面一看的电影，尤其是特效的设计非常多，通过大屏幕才能看得出它的魅力，毒液和埃迪的嘴炮环节也是我的最爱。,2021-10-04,兰花,5,37
作为漫威系列超级英雄电影中的一员，毒液和蜘蛛侠有些类似又不太相同。同样是被感染后变异成的超英，毒液性格更加可爱，也亦正亦邪，用中文说的“晚上好”太可爱了！片尾彩蛋也关联了蜘蛛侠，非常值得一看！,2021-10-16,吃货公主,5,0
剪辑很烂，过度不平滑，其他还好，就当看一集闪电侠。就黑妹看得挺难受的。,2021-11-25,避世的小镇,3,0
一如既往的特效max，还多了些爱情戏的点缀，原汁原味～汤姆哈迪永远的男神！,2021-10-14,呵呵倩,5,0
本来也没指望漫威杀人不见血的动作戏能有什么惊喜，关键是第一部时觉得还算有趣的共生互动梗也变得索然无味了，那真就没啥可看的了。,2021-11-25,麻绳,2,0
太TM难看了 这么好的漫威ip被索尼拍成这样 真毁ip圈钱,2021-11-11,精彩电影好生活,1,1
给毒液1打了四星，不错的爱情片，汤姆哈迪和小米也很搭，怎么到这集女主变成毒液了呢，这叫什么玩意,2021-11-26,单刀起床拐,1,0
gay couples double date,2021-11-12,AuntKylie21,2,1
太拉了，第一部还凑合看，第二部说了个啥,2021-11-09,Hunterchou,2,2
好莱坞影视工业的发达，无往不利，高高在上习惯了，捞金捞成了惯性，看着钱多人傻的大陆好灌汤灌迷药，逮住一个IP就赶紧捞，往死里捞，一部成功了，续集弱也赶紧拍赶紧上映赶紧捞，这部差了就再来认真做一把，成功一把后再来烂片捞一把，然后之然后，就这样捞成一部部系列出来，最后还冠名成了经典。5.4/1.87万  【IMDb6.3/6万   北美票房1.97亿30.77万美元，全球票房4.24亿90.77万美元】,2021-11-10,安心,1,1
这大概是最近这几年最难看的漫威电影的吧……除了毒液小可爱和艾迪发糖没有任何可看的剧情……,2021-11-21,小柒哪,2,0
